Os 4 melhores modelos que consegui foram: 
1)
Hyperparameters:
num_layers: 6
units_0: 256
learning_rate: 0.001
units_1: 224
units_2: 64
units_3: 32
units_4: 224
units_5: 128
units_6: 64
units_7: 64
units_8: 64
Score: 103.49986775716145
2)
Hyperparameters:
num_layers: 7
units_0: 192
learning_rate: 0.001
units_1: 32
units_2: 32
units_3: 32
units_4: 32
units_5: 32
units_6: 32
Score: 103.76834615071614
3)
Hyperparameters:
num_layers: 9
units_0: 128
learning_rate: 0.0001
units_1: 192
units_2: 192
units_3: 96
units_4: 160
units_5: 224
units_6: 96
units_7: 32
units_8: 32
Score: 105.13956451416016
4)
Hyperparameters:
num_layers: 1
units_0: 160
learning_rate: 0.0001
units_1: 32
units_2: 128
units_3: 128
units_4: 128
units_5: 128
units_6: 128
units_7: 160
units_8: 128
Score: 105.55728403727214